40
242 184
12081 1303 30964 23309 16393 15635 32858 57563 37570 90722 78572 65180 45038 64947 38924 94339 27769 65383 17933 61215 20339 18145 49056 93575 12896 97427 14799 92149 41395 86359 33401 20383 55520 32637 37892 90908 92629 69741 12518 59530 58919 61062 36540 90364 92904 70020 5609 64039 12546 69834 34008 56439 23206 38221 64978 36182 53026 77616 26568 40346 47442 22996 12435 43758 35599 11331 53136 34971 67911 8923 45413 60107 55372 33638 53231 50317 57836 11812 54731 29481 79359 26544 10895 78544 53088 53963 38343 79920 53320 19066 15059 14607 94757 16347 3786 92933 45930 43398 90570 48619 84195 25171 33364 5660 64322 54158 63064 98441 17024 5931 33716 29132 94394 71813 24818 6266 34329 80862 66289 6003 47879 61332 15076 481 96781 5084 84292 27691 88404 74189 95296 59270 49756 4377 96624 41876 63075 9219 81625 65278 97752 33153 91934 104 51691 42511 55172 13847 67593 88412 92467 48759 75252 49547 98423 26466 44600 34924 6136 81996 15998 94705 40394 23496 36417 85877 71910 84005 49174 30451 78954 40948 68310 77582 5870 63767 47075 18451 93438 15689 69951 20191 94725 3963 
36 195
12028 14383 22215 63062 96573 15336 59779 42580 58706 3068 48488 73605 23612 26633 87257 14977 65592 32954 76465 70381 88439 82586 99015 70356 69896 8031 53992 27581 97478 42287 60768 64855 20817 91418 75137 46949 76541 86431 17163 65258 91967 87541 90534 74968 74017 60952 92150 87618 15426 27789 69826 98202 77930 5786 38540 44660 25059 87324 81658 65779 86455 86870 89918 14375 29470 27521 45757 32540 34018 79491 53454 47584 9797 45458 26150 7464 58888 3668 39209 54374 1319 96450 62540 59784 92207 95669 93386 54333 94411 74644 75509 72812 32291 58593 1006 60883 53179 57703 67639 38008 99869 98962 57917 8998 11356 72404 92377 40699 60533 65111 48951 31971 63348 13981 13811 1068 29394 36028 11951 20306 88586 27656 8709 56313 52757 6684 57634 21269 57300 12425 25941 734 74238 73983 6574 20342 36644 17391 87574 73789 66110 78121 98650 21946 34408 29885 77428 34649 99798 81766 98903 5330 50382 28040 19053 3903 92415 62604 6797 31239 1884 75276 10704 6731 40836 48762 97188 81445 4352 8642 86911 50494 12604 69969 33958 61884 38821 96381 67735 92777 73187 35003 21823 98980 72939 18483 92253 73832 10368 66115 5271 86952 25191 98688 26886 
3 189
95207 42871 97814 54174 43225 16003 75469 58029 83803 21553 3441 14297 58353 18435 57108 10918 93333 57479 83466 66113 68437 80494 54841 70555 48486 42128 81702 36759 36400 67278 27695 59104 21200 18151 84615 44377 73624 82935 35886 65786 52580 99447 64947 80309 99468 50847 59966 89308 63000 56357 59357 11266 37342 89820 39257 17159 97028 29482 99106 71812 91331 81346 46044 30058 39828 58013 40669 49288 31286 52245 47794 3433 16930 57446 31385 23645 62652 53009 99576 58135 58996 2672 8942 96556 61546 62252 82055 60957 34005 94767 36317 35404 3182 96173 33433 82950 67101 72141 46892 49109 87863 77965 16606 39783 32724 81436 90944 53807 15600 53186 89708 99439 91140 60005 40647 39813 58824 46022 12313 15783 14165 58173 22092 33851 90174 8265 18150 26969 67221 46298 2044 53018 10564 37300 4680 44217 72235 44756 86548 92469 23114 52652 39655 12927 54311 10713 97069 78340 47721 50474 47098 72246 12452 83251 80930 37991 29278 70219 86353 4901 14314 75468 80466 64046 86070 76760 6839 54605 13093 62796 42482 52823 44635 98197 94287 91679 73607 56487 70134 93798 29095 84246 36258 25909 59514 64064 92895 32337 20859 
13 1
27540 
5 174
77091 21103 38077 2438 40260 24862 60212 22609 63062 65616 91065 24656 53033 98439 51534 66802 89836 12689 89563 24126 34176 946 60960 45273 507 99343 5155 84843 50987 43136 48386 45218 66295 35349 55727 44447 1151 63060 63209 31331 58082 98733 77979 28399 89397 88535 45137 58087 24906 32279 99423 50505 97851 12594 30427 8369 3926 87182 62827 85840 58285 37178 13035 92518 49597 97144 78509 61769 36496 52534 40395 19965 67607 67591 93154 40476 27074 61989 67882 63095 15209 46051 98381 5302 2041 37686 84668 35008 65792 48250 58914 4830 28799 75696 45691 15140 66601 79058 3940 74693 37217 16934 2569 23530 85659 47342 71722 78892 24018 78215 64685 74167 9964 20225 55119 44977 61703 50788 41400 27963 42461 72911 5283 29451 92727 8401 5022 81781 6764 18230 30326 12468 88568 1555 90347 61437 43825 40488 56891 43433 34043 10897 14937 56438 8797 1120 7243 17734 1716 52335 42071 78864 24058 4878 71434 33414 65479 70753 82939 49052 35796 70653 64565 33777 38542 44826 40240 73482 72719 54070 13450 91091 29811 37624 
29 171
20784 74075 86821 28421 49417 90096 37515 27010 40204 88351 37727 69937 87251 52091 96253 42465 98320 34455 24262 39188 92416 52782 99150 3288 6489 75396 45329 83204 57862 72047 94507 2047 58108 73089 92485 79881 80907 91366 26833 2264 43034 50575 30853 65759 10259 55077 72138 37576 24355 15194 92870 12630 71782 45967 13529 93616 75734 28171 743 36777 37935 99123 32663 85048 70797 19277 23576 26905 71584 27719 22460 73027 22681 13992 74460 16073 5785 15592 30620 22461 42440 27265 74059 942 44370 58525 78971 93115 13508 35582 98573 83894 2132 6817 11982 71590 20315 15773 25687 56963 86251 99180 21962 41038 57331 84125 76171 57623 52778 68215 74512 42204 3660 89946 34092 29038 76558 14664 3737 31522 48812 15523 78905 67406 68193 5855 10386 90373 59317 4515 92512 81407 97723 53953 35343 70509 89491 64208 74089 12639 18268 78456 48890 84627 69965 26957 14268 29544 1558 135 17167 88119 43368 84685 47262 39673 82335 29566 90457 93892 28662 33434 28137 78541 43264 21434 72282 32148 96367 70135 71567 
23 170
71237 49586 828 6991 519 39629 14221 8932 57563 90837 97963 69900 70149 15363 52713 30515 10477 38372 85204 86991 13925 73556 27299 85142 52401 41234 60914 92839 83254 72134 47373 76251 93826 53801 62262 41670 70685 64426 2504 8573 19143 70233 254 35373 74664 63864 25452 64256 2763 22997 24457 4093 73710 24407 91467 96364 89449 83647 76826 63986 59607 93925 61053 6456 90964 3085 49443 41086 11452 54998 21372 48535 99396 36525 45651 65873 79967 61015 54604 59870 28969 4453 560 8945 41484 78274 88598 96669 57862 78351 56895 84742 88683 7360 59499 1174 37288 23607 81502 41269 85585 28230 93873 25947 46929 61989 33873 93636 57743 97568 72258 45596 85578 87688 7496 35226 8928 22117 51454 4412 64617 69451 28666 14639 19850 47728 287 42317 76787 3073 63133 84307 85894 50623 44556 47264 20600 49704 59882 97631 9045 70710 85130 81301 31409 96718 37239 93903 72185 7445 61439 56853 81412 60032 65498 13267 37278 62559 73501 20744 56612 25318 245 12147 40191 96497 40859 83380 37327 35541 
0 338
3951 53602 28809 53941 48814 45358 11007 80118 28604 15755 35444 87833 25170 65211 1177 62860 35319 27615 84835 59278 42434 89805 70381 81264 86920 60041 20380 71381 54810 84637 5683 94267 72715 4731 6973 86242 65856 77669 89610 11917 3313 34608 46257 30475 91648 17983 39752 99650 80160 75458 54534 84991 34505 18369 83832 65316 35983 3342 95567 38494 34541 20438 67555 99630 93817 96897 8024 28322 79283 71846 45572 42800 83261 99567 19369 48946 59126 29655 14769 10284 52090 59703 54633 6093 96284 20886 40455 85982 8930 86227 52050 13782 52583 21671 71589 35512 37925 6600 62436 80909 1734 88953 45680 2500 93078 64658 37116 74985 41060 93968 74784 35661 41289 37567 87332 693 77763 67516 38069 23954 42126 89917 9027 50317 93442 30262 73467 50872 42332 6580 44616 32366 69055 42557 7292 50047 85336 12286 23462 42234 5610 92963 97495 26528 986 71630 38677 31633 22510 7180 76197 36490 39635 81797 13975 50625 12749 55326 30407 52906 86342 89497 63263 22580 51722 4290 39496 34373 72752 2885 82252 14100 56286 24972 38183 35197 40929 4476 80354 18709 12261 28683 62989 8602 50592 76166 44402 83834 43162 45410 80191 8351 32237 7072 43658 56984 27656 39973 92380 25592 44167 386 3066 40061 38880 67463 29026 29259 19265 63214 74214 50618 70371 52465 97566 25685 63100 66827 9591 30623 92730 44902 85368 36651 52440 98726 2797 1970 54664 91345 48125 4213 27863 25355 43297 47044 80092 42729 2407 60979 82801 9441 55913 58636 2926 5325 34352 33315 71126 37903 75179 43074 10108 86636 22260 30769 92397 77738 75985 45717 62548 96727 41469 593 47842 67732 73947 2846 50523 18877 23922 38182 74650 96360 80650 74370 53706 39492 73153 83655 26092 83315 18088 94965 7563 17880 32267 4374 37367 29628 56271 6970 11006 84948 9069 17643 86413 61524 4328 8674 89603 71844 80636 85867 90797 85809 41328 85925 35107 96613 85964 71970 98633 32003 60944 73775 49538 27998 41071 22599 27933 46583 7481 79315 81433 91865 4113 65959 50394 77895 49247 39198 78361 31819 79038 24867 58955 9857 
25 162
84623 14740 67897 52540 4085 88113 92453 55072 22455 2233 28114 57340 43358 9626 75111 10086 64449 81291 11683 31396 20283 98126 67552 59807 70560 94974 561 6573 65977 52692 68540 99792 51205 83395 90224 83780 72337 843 58719 89805 73009 54879 2931 49135 42929 32321 67573 32086 2236 87067 65500 51476 51005 43154 12734 25752 4060 37101 51163 3040 90186 21495 81739 75184 30584 41991 66753 48037 7757 28030 94336 21591 77456 85506 13884 71204 10092 44927 63375 57517 66451 66581 55485 92625 4538 49410 65468 33762 18175 13184 79172 48912 35018 87508 52312 62275 61660 14928 23555 49617 60876 88209 67910 90545 62357 85916 69095 55676 12124 96552 68354 8523 47137 14324 55846 23079 33243 29095 27642 42154 87084 2956 69441 16447 61278 48647 60915 55927 60774 36179 35418 24885 38849 32594 31776 11545 67734 9699 57101 79876 87721 13149 69281 14862 29189 30124 97800 66184 57273 50637 11475 82657 94270 56957 23648 77930 10270 47545 80819 12574 74951 80370 
19 155
87804 55807 68672 50583 49777 77568 32674 60482 54730 90738 95273 9447 95440 58792 72748 76593 48396 43439 87898 60037 33849 24792 31553 97261 66779 27547 42987 55726 99663 52677 16584 63804 99751 25256 67725 27713 46611 45370 18631 20669 17045 78143 10914 65079 20680 41495 34537 71473 51023 67087 12750 25752 17037 73409 67810 13844 13489 61567 48869 907 64381 72106 53001 54371 67206 67353 1282 18010 93812 98049 76802 44088 74670 85909 6229 96566 9514 63981 82501 97325 97541 81010 53840 66087 88420 15675 77602 48212 98338 37056 23252 36836 97849 86149 19727 14861 3288 47286 87000 76388 76393 83082 48476 50464 22374 9889 33965 14032 83446 54030 34295 65761 82566 8254 55010 43142 51789 47676 85096 98597 27324 36318 58237 44784 98270 24320 13735 10556 76231 32318 47484 4516 56474 52808 91105 15286 10007 71426 57648 2000 99058 9079 4895 34100 89112 2874 70760 63198 40065 44663 82802 82112 95907 26662 80709 
1 147
93871 52013 89128 58707 61705 63867 79187 55396 96254 21461 34941 61664 52096 30457 92344 14717 35066 38232 78346 75524 7024 90423 49568 35533 832 10632 70767 84236 78336 91067 88218 52395 68786 23403 37057 42548 34306 15573 77787 97712 10452 3018 76944 13872 75605 87615 23237 71981 32625 92801 19789 28205 57528 23440 6613 35798 87732 31608 63095 24778 75417 7488 42773 47595 85784 73594 62250 25098 86855 86247 98332 23195 19217 65744 60337 52947 28005 19598 35715 66257 63727 8155 37538 16133 26773 80360 90446 69916 78575 49449 87307 99992 7408 65951 10503 95719 83903 82272 86948 24029 92035 1635 24512 90038 64513 88578 54665 33270 41761 87749 79850 74637 31711 62374 60042 13998 34274 5193 19284 5001 11646 91868 60341 98256 67569 85084 61581 15231 24503 10824 59756 52943 30413 91338 23528 45196 30904 42330 41451 98736 62700 15067 23162 5029 16012 58385 71704 
2 41
4967 31577 20417 33458 94531 25309 28336 81648 18725 14231 56751 40238 91892 46105 92753 80121 75008 61729 3694 15822 22850 37448 57618 990 94927 80013 29076 15378 47713 28678 9816 32282 21110 63065 7988 18731 20070 73076 94929 4797 64189 
31 278
84387 42871 48614 32206 72377 49970 9712 54174 8279 17689 77231 45106 68293 96263 43896 76474 67827 43305 96574 27096 40671 62738 7206 4564 32030 59371 28842 76002 23038 95392 4283 51582 88695 41167 97170 51788 45368 80747 67839 91671 39668 85263 54769 17427 54291 75142 16212 30112 64861 77412 68992 41733 3927 11319 91281 5465 13326 93273 20673 56782 50247 6993 2072 94723 38425 86083 53596 84882 18863 57146 39269 27642 65316 99194 9258 5115 49591 92450 15462 66966 98548 52436 13125 25149 5300 90333 3073 667 74420 35723 24234 14938 77824 37846 11884 64744 32304 67412 64281 14176 29152 9338 57844 53494 60629 20213 13387 66236 70837 83268 95144 71698 83916 64162 19875 76962 35468 49181 1673 29740 90116 70468 4848 57461 73230 62714 98364 30174 97151 41605 66133 74050 50976 89622 68764 64648 37859 7410 92055 840 81539 66865 12338 20378 98968 12968 46196 69703 70748 57379 98858 9916 98443 37972 55306 86881 61237 26400 23347 61432 81649 57437 18279 51736 76004 76059 24743 4819 66307 28585 61919 67201 36995 73290 4092 32645 16208 37725 24739 15108 29921 91629 60550 80432 97463 54494 63499 78880 78075 62218 75222 11716 99349 60450 79949 12027 20828 63357 44810 16785 94972 12457 59084 35343 44094 30081 34411 80979 12832 6819 2993 30970 75624 45720 22459 96981 1973 23144 61564 19061 15387 14929 98359 36745 45582 72543 69835 66834 33008 68559 23624 58127 16616 23245 33381 24381 61433 22150 12333 35186 36762 23736 3389 99912 14914 9216 88733 93158 78132 63397 55534 48871 66204 58445 96134 18008 98496 38881 88653 71139 79141 98493 93383 9291 93981 83448 30060 2841 72407 65932 65967 28241 12646 93830 91039 21781 20095 45857 
33 270
27073 8608 27785 12405 24606 30964 1667 81419 39007 99583 74466 37500 52338 97919 60906 94172 79483 60949 45142 2789 62477 48933 73556 59098 47747 18116 87833 77422 42774 57751 18857 73678 90171 4918 73543 33564 64756 38361 65713 19530 17510 58013 46213 23233 45721 77056 61212 10950 46085 79203 86995 1537 77762 26694 41082 41507 67901 92278 74106 82649 48393 10803 36627 92475 99223 38945 72038 61418 26553 9723 28488 77257 77074 96142 54987 88888 27269 68675 83011 14449 85155 97775 38975 8072 23633 22509 80684 18183 67596 48476 79784 20955 32454 52835 34138 2557 55948 10764 36538 89146 84574 14000 47935 84140 6919 92195 7182 61946 37582 39734 38895 8770 57017 21526 20679 27583 23012 16233 89557 71374 50881 35226 32160 56507 99543 14891 94191 77855 17756 59208 42020 13268 73468 98398 14397 84102 67345 53253 23396 75105 19893 73325 40774 46263 17729 9783 43791 32198 47402 6439 38731 19103 64905 85414 90205 80759 55427 25482 82863 35141 30688 24854 77820 63132 33133 94341 51088 28089 8111 69898 1419 38033 96513 88272 13387 7218 94087 81964 61484 42770 63685 85291 7516 99428 8951 94834 3557 88046 96903 92238 8776 21075 61347 18676 15972 26623 65825 39266 14056 11403 40556 53149 14344 41707 7527 96677 42661 3997 23090 7071 70385 71347 5618 10778 27014 64383 15674 10836 9985 1006 65093 62374 95099 71921 79481 47849 49799 67757 34809 39699 50978 65094 4808 51277 60027 91455 51954 62426 48693 43150 89416 80969 34980 98021 17033 53509 13450 16331 45901 95691 90248 9031 22655 97640 29076 54235 35285 29203 52962 78175 39693 84563 24455 66422 46518 35254 83631 12987 96695 55129 
16 126
1374 5259 36263 87997 9434 47273 23843 25288 15493 13654 54986 99004 44870 31001 44993 42799 86053 80654 76488 80932 50310 54700 10565 7320 24076 95683 2649 78008 28842 31177 56314 33086 89860 97809 41307 41057 668 20217 20449 55094 1537 21668 93553 86513 63060 7497 75544 11584 24457 62057 58015 46752 58638 27411 62233 43930 97884 30381 41404 10232 41023 21816 14823 1084 87110 80795 16585 25958 24576 76713 54747 23501 18885 79960 25049 56034 4859 53250 67627 90599 65878 32637 33316 80356 60320 69747 30622 97405 40974 16781 36744 34547 22955 63138 27498 69081 90954 44661 47940 17794 259 45052 44663 94071 53059 5382 96452 2023 37410 73446 48098 66219 96571 26156 59790 73604 64035 51583 442 27397 72427 75136 32198 41211 65509 16268 
9 120
49918 51333 61072 62101 71596 37384 70758 96945 2637 43622 56859 73792 37591 49508 14719 77792 36079 79091 22072 774 440 63906 59200 79768 72000 30912 35210 16908 86349 48946 60314 84516 27652 97043 43302 63129 36130 98835 18195 37575 14030 29982 61494 55213 20547 26265 15266 87159 97122 87391 82165 72772 56462 74078 85995 10018 60031 13669 21253 56608 77799 54739 18740 64720 73889 94373 57306 11281 87693 27808 85344 91316 34020 85627 85594 5702 51351 93949 87781 82632 24507 57664 34328 27951 15585 31675 60835 94359 61098 53130 75089 94579 33749 93890 67454 34593 85938 92324 23941 39295 75633 48135 15223 11567 80867 89933 1156 2951 28593 21228 41680 75525 34007 48318 23910 64922 26493 52267 19615 21884 
438 232
42621 11962 50808 31479 77945 2788 32741 38866 73962 44812 69099 37665 14850 31144 35737 162 27043 45142 45117 54197 43540 8081 5906 66802 50475 84216 28216 44948 93948 11162 68540 78832 63836 900 50691 85302 58013 35109 15093 68826 7718 75947 36398 58926 52801 37324 75921 54787 34897 14627 55747 3040 76931 47216 55475 64102 39042 80022 27905 80968 51159 34429 37001 93795 40552 74319 93143 30436 21476 54987 47636 64145 25747 32529 65199 60772 94335 99459 51563 35941 82807 94814 291 29138 63286 79347 15829 97144 54027 79564 96511 90168 97594 75468 6518 37780 39807 69626 86959 63528 48209 35447 87084 33243 38105 99381 93046 73152 99251 60774 87015 37820 21320 89865 73233 87933 4176 59220 94727 93823 73800 38841 32571 55181 25837 39880 78180 11766 45800 6252 49394 33822 57596 53247 70736 43553 98097 52415 4264 94094 11602 15215 73358 80454 88580 69000 63268 65563 60880 86793 94510 78567 33002 54584 27639 58548 15195 63006 43204 49630 11092 64250 94200 95452 94925 70367 40743 6127 40914 68613 48299 16557 99319 7957 43597 2245 26228 46438 14791 96720 75227 58365 48232 36692 69932 887 68585 58361 22521 87679 48216 19399 7713 77944 17681 33107 58253 44456 47782 28504 81162 47862 88214 94756 5525 23492 52224 23858 72804 52659 7300 14690 11558 72513 4099 74025 34961 65721 40662 39146 9893 873 72872 78570 45585 15012 34043 78441 96483 13101 81894 11465 
39 114
94988 48119 94427 43225 22993 65341 2400 54576 14619 15766 11148 58487 42338 25844 9761 87971 18099 41021 32628 66789 4231 12199 85723 31936 74129 62803 97254 35216 52612 72787 42085 30952 4916 8604 41598 2625 91977 87211 70275 60731 93337 3597 2734 37676 4792 37215 69209 55175 94227 80424 98034 35249 33976 77965 57105 87422 13815 65069 22507 93131 89017 60800 45060 65863 23075 55513 34439 66432 81396 65185 71085 26730 2420 50290 86230 90982 12303 49058 79471 24428 67557 52642 97194 65105 59051 73756 29493 26334 4144 77608 52549 95789 12201 14058 83318 87015 29104 50073 32594 58715 68995 7795 81586 24365 81824 32054 41797 56801 79462 27250 20785 75554 662 42985 
27 226
11962 48688 9444 40689 40628 72891 11489 18210 99850 55834 2425 61488 6556 58487 60881 5837 13614 48201 31041 1387 87437 52942 95971 63945 72794 71449 60194 15275 53221 66789 21533 14915 19912 8551 65100 20142 71562 89356 3037 52098 6790 99898 50730 47310 15517 36395 83355 1477 51399 23675 12091 18349 39425 3036 61839 80607 62938 47708 96061 52648 75837 41375 99182 27164 73124 20729 38818 70204 25093 35985 54093 41306 58666 41023 50588 57639 36513 80795 33805 71199 59904 15063 75257 85359 63955 20137 57566 87012 24246 43105 26179 37604 20955 54030 7413 42488 98908 64910 93708 64352 80367 52939 94534 55397 86971 82916 93798 32580 91082 75826 43685 99175 56680 33138 81064 11725 1792 89381 29054 32584 82398 1291 1189 22303 50795 82393 73940 78359 7392 77855 20965 7242 128 13467 69499 55238 58829 49784 72289 83101 48497 57758 14537 68573 56073 80293 76130 10507 83888 85414 50655 29509 21995 59761 71722 97817 13216 92067 88038 94892 31782 52016 69807 30727 70891 28648 78141 98723 48232 69575 64446 21091 57244 83048 68733 90806 52619 84659 67554 95212 13492 68424 20007 27896 93619 78307 95481 54556 48122 79639 76199 97537 96048 68106 85520 93025 7419 54220 68772 37148 66109 68265 52041 48763 83507 39742 91932 31740 89537 2698 15968 38530 25784 2722 3098 59784 94141 67492 44122 98645 28660 40922 89139 67840 73527 87246 
18 206
91656 65553 50977 61192 99743 72008 80708 43167 96879 9063 93222 42993 82885 64859 37514 64923 65893 70596 23826 72043 58089 22694 7009 56714 27307 39250 82652 83966 34185 61666 78218 45206 10619 85811 44156 76327 12079 57191 75502 33960 21127 73935 6527 3985 26961 23676 41023 26323 15202 76964 68664 61492 96793 69748 94175 45887 13098 18293 16862 34443 71946 69670 33717 6173 73823 88777 47118 57864 33325 90274 63304 14954 43401 56179 26225 47721 31182 29138 40425 4901 29113 57361 82373 69242 85923 28176 76668 42825 36744 95510 6762 33141 4437 47697 63944 42237 96762 19431 84545 78466 11404 5770 84571 658 50126 3418 39108 22756 67920 79560 15763 69599 31166 42396 71205 94775 88846 93791 10540 45096 48023 64212 40324 87500 16924 32055 71056 46832 57852 20465 3895 27639 31268 89851 17462 94241 48867 64905 63764 33890 40871 202 64739 25482 44328 16557 22000 75875 36403 37195 95798 4856 12435 32702 31165 90390 56296 24171 52094 4121 49194 49609 59095 48015 98401 9347 41358 72418 68058 5147 47122 77529 37535 87013 92918 51739 33913 23558 45342 55372 54693 87001 8752 66799 20930 31028 30091 9926 69011 11364 50478 14660 3499 44126 60162 73824 3322 90604 93463 93398 74596 84476 5406 7015 80763 25753 
38 95
74594 19455 90287 55531 50203 72017 72217 96481 98147 53017 76155 83646 6921 45621 78148 40208 19439 93613 61212 40953 4175 45731 2503 50750 12594 21494 69167 56770 69399 59893 57559 88947 26870 88181 17836 14239 53169 67797 51431 24547 13024 31835 75434 9248 28274 72013 54902 42996 76665 37105 56766 46052 23728 61617 35843 38364 75227 17700 46057 76341 36825 30700 41546 3026 70354 58821 398 84479 30531 51459 46328 30852 28174 52379 83234 49593 29882 94637 11201 48101 74425 25621 10493 65271 91694 32528 98753 14191 31569 81078 5827 12433 60542 89966 63321 
20 92
87670 6887 11759 3247 2939 85615 27095 22397 50258 69067 32866 10288 75812 46418 20165 30717 17051 99216 70603 162 15045 36339 55246 91341 50102 46954 50732 84378 98849 43545 25003 69326 76655 76295 71505 29235 61443 96020 4469 31139 27547 51823 84373 24558 35066 35016 56322 13721 29644 88442 29482 99016 93110 99589 76203 37292 7440 24741 87764 65383 25290 73703 33207 32321 57635 60279 8790 76950 35270 72024 59690 79116 70650 47688 7890 56090 85919 61468 29089 13489 98434 39858 61675 55231 13394 3920 42656 84608 3481 44147 35967 34571 
34 83
71462 82017 57962 32252 94296 12613 91601 6400 27746 29525 9943 19439 23957 38642 68928 54787 51726 95505 87586 49251 2168 24055 65117 42857 30045 72655 4586 68865 64017 44534 30134 49680 56358 38522 78083 26764 97038 83815 45114 7154 52142 1144 92940 81855 41193 34100 22038 716 11275 19840 62335 16908 51663 21042 1377 95837 67455 54153 22366 74954 56457 36364 79127 49149 86746 11462 46066 66511 28392 73904 89025 75513 18073 29297 3 55660 31511 73636 43844 71232 6506 11258 16947 
22 73
370 24274 8935 68571 73075 35839 34708 5177 81449 19692 8244 18334 37469 46489 79700 74666 19783 91612 6444 26285 32896 360 84526 41401 58689 58985 82379 2614 52109 13921 81887 17045 78334 17725 65172 35349 11911 24327 79285 4845 64311 1169 69086 87451 20530 57278 52102 1484 21534 70480 417 90851 45766 9421 37057 41357 83009 71199 29352 48274 48809 62209 41665 74413 10324 70369 58856 21519 46282 86353 62534 94890 62067 
15 51
74080 4021 72969 9016 17290 17303 44833 26991 41329 62894 12479 99087 70169 18515 10501 26268 90172 13566 23511 94771 5588 11840 76142 80815 2377 26406 75048 60533 52785 87654 66024 23109 21800 72094 38930 37098 93042 89491 64708 71984 98349 95922 73713 57642 21254 60303 79324 62347 14554 65137 96024 
32 117
50311 84623 30094 74031 46499 28638 53781 13621 85411 89805 55932 74624 35495 91126 52102 86473 45394 40315 15943 33623 10661 88279 24047 58363 92837 95726 25900 58108 90386 45812 12820 86275 26396 58596 86271 32000 10024 39543 94847 87268 29198 73981 98532 58181 17047 68538 4046 77228 51795 1485 58462 29124 15095 27826 4383 72183 24996 54186 82110 45291 70910 11614 45276 51941 74837 54297 66250 87868 19600 49772 3613 83426 12063 17741 72452 92549 92984 45865 49115 17676 99014 70861 65141 91206 61108 4125 83645 38853 82664 51669 24130 15813 5119 88542 34240 13769 97894 67801 62099 28157 13236 97200 80139 8249 11771 45088 2893 76586 59518 70913 56719 93255 3392 52761 33421 78556 53449 
17 122
45257 1075 40628 66431 9494 54346 58179 12761 2883 57031 68736 97155 43542 21039 64471 1375 92422 13368 23586 40771 42214 17022 44202 69785 1208 82436 49423 93812 89017 55693 29555 56261 79528 48986 23031 32998 1676 41957 38975 838 74398 76206 72047 24725 25555 7099 16466 6462 66474 69844 40695 66744 13807 58614 20101 60650 48497 8856 16313 77078 26856 61109 4490 80649 8434 69707 34249 80808 35595 42969 43758 95172 88110 86766 64074 45815 6625 63203 64630 99972 18524 97369 22596 42473 28504 86571 98799 90720 80226 89776 8923 9711 43839 87846 57262 40099 28770 66108 95859 94141 51414 15212 45392 7743 34977 78454 85888 59233 63255 24724 72784 18883 53958 42387 38879 20111 94158 78596 87428 88033 46116 87792 
8 53
8910 39123 81498 83340 80723 98639 36263 27148 54977 95679 68750 95311 1787 32146 94549 26499 84529 19465 29457 82842 9157 49133 63072 15766 71153 78220 41030 42769 59433 68293 80118 45945 37171 79418 52227 76554 7774 64473 19651 73556 9358 3693 86758 10745 65890 39985 79125 62365 73624 49127 3046 17757 62671 
6 45
90772 80328 31318 45165 34230 70121 86454 54681 13776 13179 96654 39414 51851 83620 49272 1512 67278 23172 59098 1314 66587 30435 53236 51029 58148 92291 43681 66305 29534 24126 44055 36822 59349 17066 34106 72115 14734 19403 1972 92957 57203 33047 73384 61761 93070 
21 86
6246 81491 63175 33763 90995 27488 88989 63215 1710 8796 66247 23791 78154 79214 70596 77613 34691 81066 59896 92674 74854 11193 46222 26677 93343 90824 71370 20207 92999 50730 11337 37701 43956 26496 90943 96417 45592 4416 87838 20824 81065 1169 77979 59691 77218 80252 52028 66387 10676 34129 76219 39702 15604 83485 49258 92168 46939 2742 9592 92058 5006 17236 94069 55831 21280 29237 76677 93796 50460 69990 17053 81896 92742 99692 77397 22307 49916 41394 77537 80326 12136 66644 36135 39325 40890 83832 
11 38
71817 45863 89912 9292 55622 94540 9447 14221 16192 74610 54478 30135 65337 50268 68135 77427 53447 34797 65205 39381 70550 33656 26035 39321 51947 62738 12830 32896 95002 91163 55550 42114 43021 95909 93060 22172 95370 86896 
7 35
33118 95150 31801 45936 98533 77021 88170 13721 89820 20035 33086 51537 49559 73285 72984 70343 42857 55610 90320 78238 80107 92979 5438 71728 30436 20 70857 47178 70769 71328 55495 15829 96980 45381 48248 
556 33
32626 28452 81068 828 78066 35361 80962 82273 94639 37492 30711 73545 10691 42978 92441 25066 96893 70879 89945 98802 74356 67096 70021 19132 72945 76452 60088 83078 29698 26842 45587 44031 51204 
14 60
1968 2938 51502 58155 98414 92468 19019 43543 9458 24625 73444 55925 43779 74619 12177 49576 41030 97696 26927 95454 95458 63256 49379 23758 84153 72065 18069 78629 34797 47959 72217 42288 16841 32644 22302 7921 18857 20268 87879 1932 65062 81179 94230 21286 11990 73009 75463 91814 23233 54065 90399 86532 2625 9684 90912 10910 61447 71146 75088 35580 
10 44
88451 45531 576 6100 51502 42416 31021 85654 87189 96370 8427 43686 28920 46376 15481 61714 89312 84146 40921 42793 78267 76430 15393 54106 25116 84316 60920 25262 85747 95583 30029 34993 40416 44857 69427 28921 12367 86896 74541 59708 39311 95392 79388 17202 
12 13
98295 43202 68806 96092 29785 35398 59710 46326 13317 45358 24411 37143 93190 
35 18
49970 42403 91112 80315 42865 62469 31696 72305 19912 1972 53825 44833 19130 50071 32176 19119 68376 47182 
4 8
14716 80830 81122 29599 14304 51836 60058 50258 
37 14
50583 66008 25835 35364 50289 79063 28313 65469 91657 74031 31615 16246 74466 56514 
30 1
67897 
